**** 1 ****
50
2;8;14;
1;10;4;
19;19;2;
5;6;25;
2;8;1;
12;16;22;
8;17;31;
5;3;33;
13;3;21;
17;19;15;
8;7;11;
19;10;32;
8;20;35;
15;4;11;
3;14;33;
5;2;31;
14;9;27;
5;3;37;
18;20;3;
2;10;18;
17;16;30;
3;9;26;
1;3;24;
9;7;5;
11;10;10;
11;7;21;
14;9;29;
4;5;34;
17;1;6;
17;12;28;
5;20;26;
4;18;18;
19;3;9;
2;14;35;
20;19;24;
11;18;26;
14;7;21;
6;5;32;
11;10;17;
14;18;32;
7;11;1;
17;16;7;
16;15;31;
13;11;30;
2;5;6;
11;8;31;
8;18;17;
8;14;23;
6;10;9;
19;2;28;
5
7;2;
11;15;
9;39;
12;48;
16;62;
**** EOF ****
