**** 8 ****
50
19;20;38;
18;16;37;
6;6;10;
13;14;20;
3;2;17;
2;6;5;
18;1;16;
12;16;26;
18;4;1;
1;6;38;
7;11;0;
8;8;37;
12;18;16;
8;14;38;
4;8;37;
5;13;31;
19;7;29;
5;20;25;
9;10;9;
17;12;24;
15;17;8;
3;13;4;
18;17;38;
13;18;13;
4;4;20;
3;8;15;
12;5;33;
13;20;24;
20;7;4;
18;4;15;
14;14;20;
15;4;1;
5;6;9;
11;8;36;
10;17;19;
8;1;3;
3;15;11;
3;6;31;
20;8;10;
1;15;8;
5;18;6;
12;19;32;
11;15;21;
16;8;0;
15;3;16;
8;4;14;
9;5;24;
2;8;16;
7;4;0;
3;8;0;
25
9;7;
4;29;
4;52;
15;67;
14;83;
12;109;
11;135;
15;165;
3;181;
13;194;
17;215;
16;243;
20;275;
16;303;
1;326;
14;341;
2;370;
8;376;
17;400;
8;418;
12;440;
20;455;
7;489;
20;510;
18;535;
**** EOF ****
