**** 11 ****
50
42;68;334;
101;170;724;
79;159;962;
65;106;145;
82;28;961;
92;196;942;
28;37;391;
5;103;153;
93;183;421;
117;119;895;
48;127;771;
139;70;912;
68;100;35;
95;104;811;
123;134;673;
65;142;711;
54;69;547;
45;63;757;
38;60;723;
142;130;778;
117;36;190;
43;89;106;
41;143;264;
49;47;805;
91;130;370;
151;7;101;
194;149;629;
24;85;954;
157;41;966;
177;132;308;
145;40;626;
124;138;538;
119;83;929;
142;34;115;
40;59;704;
131;178;306;
74;187;21;
146;125;72;
71;30;777;
174;98;512;
187;91;161;
37;156;767;
56;175;31;
53;151;150;
142;125;966;
31;108;191;
8;138;457;
88;154;383;
146;110;209;
159;22;588;
5
147;2022;
31;3275;
169;4319;
192;5388;
56;6742;
**** EOF ****
