**** 10 ****
50
39;120;238;
38;56;797;
166;86;450;
13;54;100;
143;82;537;
122;146;285;
198;81;976;
92;56;906;
58;124;881;
41;126;278;
47;191;840;
188;108;237;
12;18;456;
68;134;878;
24;88;597;
185;13;111;
179;67;629;
5;80;505;
189;50;329;
177;132;264;
115;137;928;
103;53;404;
138;57;598;
173;98;213;
84;104;260;
143;148;375;
72;5;673;
153;20;504;
40;187;804;
138;24;335;
134;194;20;
175;184;961;
25;66;569;
31;168;236;
50;37;619;
128;101;323;
123;175;811;
63;166;191;
120;148;50;
21;135;968;
125;178;46;
132;59;272;
131;135;581;
36;68;160;
15;43;976;
128;24;94;
169;45;824;
22;8;296;
127;64;640;
63;48;80;
5
129;1947;
184;3389;
144;4932;
95;6567;
134;7423;
**** EOF ****
