**** 19 ****
50
42;68;334;
101;170;124;
79;159;162;
65;106;145;
82;28;361;
92;196;342;
28;37;391;
5;103;153;
93;183;221;
117;119;295;
48;127;371;
139;70;312;
68;100;235;
95;104;211;
123;134;73;
65;142;111;
54;69;347;
45;63;357;
38;60;323;
142;130;378;
117;36;190;
43;89;106;
41;143;64;
49;47;205;
91;130;370;
151;7;301;
194;149;29;
24;85;354;
157;41;166;
177;132;308;
145;40;226;
124;138;338;
119;83;129;
142;34;315;
40;59;304;
131;178;306;
74;187;221;
146;125;272;
71;30;377;
174;98;112;
187;91;361;
37;156;367;
56;175;31;
53;151;350;
142;125;366;
31;108;191;
8;138;257;
88;154;383;
146;110;209;
159;22;188;
25
147;422;
31;1075;
169;1319;
192;1788;
56;2142;
160;2208;
138;2392;
84;3078;
42;3757;
151;3801;
37;4043;
21;4454;
22;4871;
200;5241;
85;5909;
135;6475;
200;6663;
139;6881;
189;7320;
68;7636;
94;7832;
84;7974;
22;8465;
18;8997;
115;9028;
**** EOF ****
