**** 14 ****
50
39;120;38;
38;56;197;
166;86;50;
13;54;100;
143;82;137;
122;146;285;
198;81;176;
92;56;306;
58;124;81;
41;126;278;
47;191;40;
188;108;37;
12;18;56;
68;134;78;
24;88;397;
185;13;311;
179;67;29;
5;80;305;
189;50;329;
177;132;64;
115;137;128;
103;53;4;
138;57;398;
173;98;13;
84;104;60;
143;148;175;
72;5;273;
153;20;304;
40;187;4;
138;24;335;
134;194;20;
175;184;361;
25;66;369;
31;168;236;
50;37;19;
128;101;323;
123;175;11;
63;166;391;
120;148;50;
21;135;368;
125;178;246;
132;59;72;
131;135;181;
36;68;360;
15;43;176;
128;24;294;
169;45;224;
22;8;96;
127;64;40;
63;48;280;
15
129;347;
184;989;
144;1932;
95;2167;
134;2423;
52;3129;
71;3435;
175;4125;
23;4321;
53;4654;
157;5355;
76;6223;
120;6335;
56;7243;
41;7546;
**** EOF ****
