**** 3 ****
50
19;20;38;
18;16;97;
6;6;50;
13;14;0;
3;2;37;
2;6;85;
18;1;76;
12;16;6;
18;4;81;
1;6;78;
7;11;40;
8;8;37;
12;18;56;
8;14;78;
4;8;97;
5;13;11;
19;7;29;
5;20;5;
9;10;29;
17;12;64;
15;17;28;
3;13;4;
18;17;98;
13;18;13;
4;4;60;
3;8;75;
12;5;73;
13;20;4;
20;7;4;
18;4;35;
14;14;20;
15;4;61;
5;6;69;
11;8;36;
10;17;19;
8;1;23;
3;15;11;
3;6;91;
20;8;50;
1;15;68;
5;18;46;
12;19;72;
11;15;81;
16;8;60;
15;3;76;
8;4;94;
9;5;24;
2;8;96;
7;4;40;
3;8;80;
10
9;67;
4;109;
4;192;
15;287;
14;343;
12;409;
11;475;
15;505;
3;581;
13;694;
**** EOF ****
